$par
 ln_H_input  ln_H_input     beta2_t     beta2_t     beta2_t     beta2_t     beta2_t     beta2_t     beta2_t     beta2_t     beta2_t     beta2_t 
 0.52100947  0.12330218  1.07237853  0.79960891  0.74802203  0.97145019  0.82452112  0.75424866  0.78950814  0.57787591  0.41843812  0.40995175 
    beta2_t     beta2_t     beta2_t     beta2_t     beta2_t     beta2_t     beta2_t     beta2_t     beta2_t     beta2_t     beta2_t     beta2_t 
 0.51375402  0.69054182  0.67234820  0.79573091  0.75829081  0.64787047  0.30645155  0.64384771  0.61272726  0.82131874  0.62775784  0.70215231 
    beta2_t     beta2_t     beta2_t     beta2_t     beta2_t     beta2_t     beta2_t     beta2_t     beta2_t    logetaE2    logetaO2   logkappa2 
 0.60825305  0.52999750  0.65083179  0.80697675  0.86273432  1.23172485  1.11459669  0.99236634  1.46315970 -0.86848862 -1.47172776 -3.94741005 
  logSigmaM 
-0.01531155 

$objective
[1] 100978.3

$convergence
[1] 0

$iterations
[1] 6

$evaluations
function gradient 
      11        7 

$message
[1] "relative convergence (4)"

$final_diagnostics
         Name        Lwr         Est       Upr      Gradient
1  ln_H_input -50.000000  0.52100947 50.000000  1.351198e-03
2  ln_H_input -50.000000  0.12330218 50.000000  8.413153e-04
3     beta2_t -50.000000  1.07237853 50.000000 -3.014210e-04
4     beta2_t -50.000000  0.79960891 50.000000 -8.169094e-04
5     beta2_t -50.000000  0.74802203 50.000000 -3.320952e-04
6     beta2_t -50.000000  0.97145019 50.000000 -5.121725e-05
7     beta2_t -50.000000  0.82452112 50.000000 -1.021859e-03
8     beta2_t -50.000000  0.75424866 50.000000  7.875496e-05
9     beta2_t -50.000000  0.78950814 50.000000  6.711853e-04
10    beta2_t -50.000000  0.57787591 50.000000  1.030301e-04
11    beta2_t -50.000000  0.41843812 50.000000  7.514502e-04
12    beta2_t -50.000000  0.40995175 50.000000  3.882365e-05
13    beta2_t -50.000000  0.51375402 50.000000 -2.394211e-05
14    beta2_t -50.000000  0.69054182 50.000000 -5.012159e-04
15    beta2_t -50.000000  0.67234820 50.000000  4.307960e-04
16    beta2_t -50.000000  0.79573091 50.000000 -1.025212e-03
17    beta2_t -50.000000  0.75829081 50.000000  7.325231e-04
18    beta2_t -50.000000  0.64787047 50.000000  8.150671e-05
19    beta2_t -50.000000  0.30645155 50.000000  1.893483e-04
20    beta2_t -50.000000  0.64384771 50.000000  9.463521e-04
21    beta2_t -50.000000  0.61272726 50.000000 -5.790765e-05
22    beta2_t -50.000000  0.82131874 50.000000 -3.993440e-04
23    beta2_t -50.000000  0.62775784 50.000000  1.044802e-04
24    beta2_t -50.000000  0.70215231 50.000000  3.291440e-05
25    beta2_t -50.000000  0.60825305 50.000000  7.428510e-04
26    beta2_t -50.000000  0.52999750 50.000000  6.692472e-04
27    beta2_t -50.000000  0.65083179 50.000000  4.110629e-05
28    beta2_t -50.000000  0.80697675 50.000000 -7.102887e-04
29    beta2_t -50.000000  0.86273432 50.000000 -5.672721e-04
30    beta2_t -50.000000  1.23172485 50.000000  1.410637e-04
31    beta2_t -50.000000  1.11459669 50.000000  1.328182e-04
32    beta2_t -50.000000  0.99236634 50.000000  5.144014e-04
33    beta2_t -50.000000  1.46315970 50.000000  7.826723e-05
34   logetaE2 -50.000000 -0.86848862  3.339658  9.784264e-03
35   logetaO2 -50.000000 -1.47172776  3.339658 -6.857127e-04
36  logkappa2  -5.620935 -3.94741005 -1.891437 -4.857694e-03
37  logSigmaM -50.000000 -0.01531155 10.000000  7.399091e-03

$total_time_to_run
Time difference of 1.089759 mins

$number_of_coefficients
 Total  Fixed Random 
  3750     37   3713 

