$par
 ln_H_input  ln_H_input     beta1_t     beta1_t     beta1_t     beta1_t     beta1_t     beta1_t     beta1_t     beta1_t     beta1_t     beta1_t     beta1_t     beta1_t 
 0.47445863  0.11864939  0.79489911  1.03164170  0.86177006  0.85304600  0.59943501  0.03870070 -0.64367782 -0.11719125 -0.12870715 -0.03253898  0.38209794  0.42739554 
    beta1_t    logetaE1    logetaO1   logkappa1     beta2_t     beta2_t     beta2_t     beta2_t     beta2_t     beta2_t     beta2_t     beta2_t     beta2_t     beta2_t 
 0.38163995 -0.82020620 -1.91098974 -4.31221454  7.19426476  6.95733067  7.09170820  6.91366859  7.08779486  6.90681901  6.67114958  6.76636532  6.78902468  6.63157668 
    beta2_t     beta2_t     beta2_t    logetaE2    logetaO2   logkappa2   logSigmaM 
 7.14136289  7.06952561  7.05761343 -1.22732740 -0.99450402 -3.62041665  0.17034793 

$objective
[1] 28691.88

$convergence
[1] 0

$iterations
[1] 76

$evaluations
function gradient 
     107       77 

$message
[1] "relative convergence (4)"

$final_diagnostics
         Name        Lwr         Est       Upr      Gradient
1  ln_H_input -50.000000  0.47445863 50.000000 -1.936550e-03
2  ln_H_input -50.000000  0.11864939 50.000000  1.095118e-03
3     beta1_t -50.000000  0.79489911 50.000000  1.121415e-03
4     beta1_t -50.000000  1.03164170 50.000000  5.153057e-04
5     beta1_t -50.000000  0.86177006 50.000000 -2.304272e-05
6     beta1_t -50.000000  0.85304600 50.000000 -3.973457e-04
7     beta1_t -50.000000  0.59943501 50.000000 -9.400918e-04
8     beta1_t -50.000000  0.03870070 50.000000  2.369491e-04
9     beta1_t -50.000000 -0.64367782 50.000000 -4.511339e-05
10    beta1_t -50.000000 -0.11719125 50.000000 -1.499663e-04
11    beta1_t -50.000000 -0.12870715 50.000000  7.699096e-04
12    beta1_t -50.000000 -0.03253898 50.000000  1.097633e-03
13    beta1_t -50.000000  0.38209794 50.000000  1.330627e-04
14    beta1_t -50.000000  0.42739554 50.000000 -7.692199e-04
15    beta1_t -50.000000  0.38163995 50.000000 -1.295298e-03
16   logetaE1 -50.000000 -0.82020620  3.339658 -7.333236e-04
17   logetaO1 -50.000000 -1.91098974  3.339658  8.967277e-04
18  logkappa1  -6.757433 -4.31221454 -1.738790 -1.022605e-03
19    beta2_t -50.000000  7.19426476 50.000000 -3.027110e-04
20    beta2_t -50.000000  6.95733067 50.000000 -1.787262e-03
21    beta2_t -50.000000  7.09170820 50.000000  4.657922e-04
22    beta2_t -50.000000  6.91366859 50.000000 -3.676543e-04
23    beta2_t -50.000000  7.08779486 50.000000  5.291708e-04
24    beta2_t -50.000000  6.90681901 50.000000  2.437125e-03
25    beta2_t -50.000000  6.67114958 50.000000 -2.525260e-03
26    beta2_t -50.000000  6.76636532 50.000000 -2.255231e-04
27    beta2_t -50.000000  6.78902468 50.000000  1.311727e-03
28    beta2_t -50.000000  6.63157668 50.000000  5.093822e-04
29    beta2_t -50.000000  7.14136289 50.000000  1.206919e-03
30    beta2_t -50.000000  7.06952561 50.000000 -5.663368e-05
31    beta2_t -50.000000  7.05761343 50.000000 -3.502164e-04
32   logetaE2 -50.000000 -1.22732740  3.339658 -8.422728e-04
33   logetaO2 -50.000000 -0.99450402  3.339658 -4.714555e-03
34  logkappa2  -6.757433 -3.62041665 -1.738790  2.359374e-03
35  logSigmaM -50.000000  0.17034793 10.000000  4.046150e-03

$total_time_to_run
Time difference of 2.118228 mins

$number_of_coefficients
 Total  Fixed Random 
  7483     35   7448 

