$par
 ln_H_input  ln_H_input     beta1_t     beta1_t     beta1_t     beta1_t     beta1_t     beta1_t     beta1_t     beta1_t     beta1_t     beta1_t     beta1_t     beta1_t 
-0.07628249 -1.12962669 -1.02023270  0.43389773  0.24685978  0.93016442  0.97018759  1.83767919  2.10855244  2.17491862  1.20036870  1.49211107  1.48752492  1.02685778 
    beta1_t     beta1_t     beta1_t     beta1_t    logetaE1    logetaO1   logkappa1     beta2_t     beta2_t     beta2_t     beta2_t     beta2_t     beta2_t     beta2_t 
 2.41324644  0.95084316  2.59501874  1.00110549  3.33965806 -2.63471917 -4.89273860  2.97849903  3.05646155  2.70433332  2.98052352  3.00640024  2.94017412  3.18006210 
    beta2_t     beta2_t     beta2_t     beta2_t     beta2_t     beta2_t     beta2_t     beta2_t     beta2_t    logetaE2    logetaO2   logkappa2   logSigmaM 
 3.44086568  3.38950274  3.26036864  3.44754604  3.41836391  3.66980362  3.36970926  3.37411811  3.40724809 -0.35600795 -1.82291511 -4.02192883 -0.12859837 

$objective
[1] 3911.185

$convergence
[1] 0

$iterations
[1] 92

$evaluations
function gradient 
     131       93 

$message
[1] "relative convergence (4)"

$final_diagnostics
         Name        Lwr         Est        Upr      Gradient
1  ln_H_input -50.000000 -0.07628249 50.0000000  1.178804e-03
2  ln_H_input -50.000000 -1.12962669 50.0000000  9.915239e-04
3     beta1_t -50.000000 -1.02023270 50.0000000 -2.544579e-04
4     beta1_t -50.000000  0.43389773 50.0000000  4.288924e-05
5     beta1_t -50.000000  0.24685978 50.0000000  2.147063e-04
6     beta1_t -50.000000  0.93016442 50.0000000  1.234183e-04
7     beta1_t -50.000000  0.97018759 50.0000000  2.709637e-04
8     beta1_t -50.000000  1.83767919 50.0000000  2.447925e-04
9     beta1_t -50.000000  2.10855244 50.0000000 -1.496208e-04
10    beta1_t -50.000000  2.17491862 50.0000000  2.389103e-04
11    beta1_t -50.000000  1.20036870 50.0000000 -3.729845e-04
12    beta1_t -50.000000  1.49211107 50.0000000 -4.708830e-05
13    beta1_t -50.000000  1.48752492 50.0000000 -1.128265e-05
14    beta1_t -50.000000  1.02685778 50.0000000  5.876312e-05
15    beta1_t -50.000000  2.41324644 50.0000000 -2.739734e-05
16    beta1_t -50.000000  0.95084316 50.0000000 -2.970130e-04
17    beta1_t -50.000000  2.59501874 50.0000000 -1.024259e-05
18    beta1_t -50.000000  1.00110549 50.0000000 -4.261384e-05
19   logetaE1 -50.000000  3.33965806  3.3396581 -4.527347e-03
20   logetaO1 -50.000000 -2.63471917  3.3396581 -2.455902e-04
21  logkappa1  -5.744016 -4.89273860 -0.8036938  3.280171e-04
22    beta2_t -50.000000  2.97849903 50.0000000  3.206395e-04
23    beta2_t -50.000000  3.05646155 50.0000000 -2.579549e-04
24    beta2_t -50.000000  2.70433332 50.0000000  2.836301e-04
25    beta2_t -50.000000  2.98052352 50.0000000 -1.381061e-04
26    beta2_t -50.000000  3.00640024 50.0000000 -3.051362e-04
27    beta2_t -50.000000  2.94017412 50.0000000  1.929011e-04
28    beta2_t -50.000000  3.18006210 50.0000000  3.262021e-04
29    beta2_t -50.000000  3.44086568 50.0000000  2.662960e-05
30    beta2_t -50.000000  3.38950274 50.0000000  1.717048e-04
31    beta2_t -50.000000  3.26036864 50.0000000  3.910441e-04
32    beta2_t -50.000000  3.44754604 50.0000000 -2.632333e-04
33    beta2_t -50.000000  3.41836391 50.0000000 -3.453523e-04
34    beta2_t -50.000000  3.66980362 50.0000000 -7.249631e-05
35    beta2_t -50.000000  3.36970926 50.0000000 -1.989876e-04
36    beta2_t -50.000000  3.37411811 50.0000000 -1.310328e-04
37    beta2_t -50.000000  3.40724809 50.0000000  3.137790e-05
38   logetaE2 -50.000000 -0.35600795  3.3396581 -8.346117e-05
39   logetaO2 -50.000000 -1.82291511  3.3396581 -1.449145e-03
40  logkappa2  -5.744016 -4.02192883 -0.8036938  1.148727e-03
41  logSigmaM -50.000000 -0.12859837 10.0000000 -2.903659e-04

$total_time_to_run
Time difference of 2.405733 mins

$number_of_coefficients
 Total  Fixed Random 
  9085     41   9044 

