$par
 ln_H_input  ln_H_input     beta1_t     beta1_t     beta1_t     beta1_t     beta1_t     beta1_t     beta1_t     beta1_t     beta1_t     beta1_t     beta1_t     beta1_t 
-0.66597695  0.04699103 -3.69964914 -3.73460327 -3.71679947 -4.27017150 -3.89021168 -4.21947680 -4.25270884 -3.87070447 -3.99554640 -3.73635425 -3.74380221 -3.29908802 
   logetaE1    logetaO1   logkappa1 logsigmaVT1     beta2_t     beta2_t     beta2_t     beta2_t     beta2_t     beta2_t     beta2_t     beta2_t     beta2_t     beta2_t 
 3.33965806 -2.30629727 -4.00057025 -3.47321737  5.60599051  6.16265264  6.07728009  6.87119875  6.13876431  6.45693441  5.77504808  6.05367554  6.11322427  6.22901314 
    beta2_t     beta2_t    logetaE2    logetaO2   logkappa2 logsigmaVT2   logSigmaM 
 5.76677057  6.51515312 -1.39945689 -1.59370450 -2.58760175 -1.00238416  0.15835061 

$objective
[1] 3627.17

$convergence
[1] 0

$iterations
[1] 81

$evaluations
function gradient 
     118       82 

$message
[1] "relative convergence (4)"

$final_diagnostics
          Name        Lwr         Est       Upr      Gradient
1   ln_H_input -50.000000 -0.66597695 50.000000 -2.211046e-04
2   ln_H_input -50.000000  0.04699103 50.000000  2.031792e-04
3      beta1_t -50.000000 -3.69964914 50.000000 -3.905044e-04
4      beta1_t -50.000000 -3.73460327 50.000000  3.859500e-05
5      beta1_t -50.000000 -3.71679947 50.000000 -1.910838e-04
6      beta1_t -50.000000 -4.27017150 50.000000  1.832245e-04
7      beta1_t -50.000000 -3.89021168 50.000000  2.092005e-04
8      beta1_t -50.000000 -4.21947680 50.000000 -1.475236e-05
9      beta1_t -50.000000 -4.25270884 50.000000  4.553591e-04
10     beta1_t -50.000000 -3.87070447 50.000000 -1.921491e-04
11     beta1_t -50.000000 -3.99554640 50.000000  1.533321e-04
12     beta1_t -50.000000 -3.73635425 50.000000  4.443225e-05
13     beta1_t -50.000000 -3.74380221 50.000000  2.190957e-04
14     beta1_t -50.000000 -3.29908802 50.000000 -1.132627e-03
15    logetaE1 -50.000000  3.33965806  3.339658 -6.307627e-04
16    logetaO1 -50.000000 -2.30629727  3.339658  4.139120e-05
17   logkappa1  -6.505377 -4.00057025 -1.453910  2.419007e-04
18 logsigmaVT1  -4.605170 -3.47321737 50.000000  8.178209e-04
19     beta2_t -50.000000  5.60599051 50.000000  1.132545e-04
20     beta2_t -50.000000  6.16265264 50.000000  4.226250e-04
21     beta2_t -50.000000  6.07728009 50.000000  6.864458e-05
22     beta2_t -50.000000  6.87119875 50.000000  2.708500e-04
23     beta2_t -50.000000  6.13876431 50.000000 -3.743761e-04
24     beta2_t -50.000000  6.45693441 50.000000 -5.090589e-04
25     beta2_t -50.000000  5.77504808 50.000000  1.817187e-04
26     beta2_t -50.000000  6.05367554 50.000000  3.121003e-04
27     beta2_t -50.000000  6.11322427 50.000000  1.152448e-04
28     beta2_t -50.000000  6.22901314 50.000000 -7.838787e-05
29     beta2_t -50.000000  5.76677057 50.000000  2.698446e-04
30     beta2_t -50.000000  6.51515312 50.000000 -1.332298e-04
31    logetaE2 -50.000000 -1.39945689  3.339658 -5.234352e-04
32    logetaO2 -50.000000 -1.59370450  3.339658 -2.281564e-03
33   logkappa2  -6.505377 -2.58760175 -1.453910  1.970270e-04
34 logsigmaVT2  -4.605170 -1.00238416 50.000000  3.407268e-04
35   logSigmaM -50.000000  0.15835061 10.000000 -1.136391e-03

$total_time_to_run
Time difference of 1.127879 mins

$number_of_coefficients
 Total  Fixed Random 
  7143     35   7108 

