$par
 ln_H_input  ln_H_input     beta1_t     beta1_t     beta1_t     beta1_t     beta1_t     beta1_t     beta1_t     beta1_t     beta1_t     beta1_t     beta1_t     beta1_t 
 0.04421602  0.33622525  0.44040861  0.72412499  1.31206931  1.69861760  1.75413503  1.20017876  0.68586223  0.66608432  0.62764917  0.93569911  0.94793812  1.16874020 
    beta1_t    logetaE1    logetaO1   logkappa1     beta2_t     beta2_t     beta2_t     beta2_t     beta2_t     beta2_t     beta2_t     beta2_t     beta2_t     beta2_t 
 1.54143327 -1.04536877 -1.86453749 -4.07199137  6.48442626  6.70802329  6.87007386  6.68080878  6.85490822  6.12407040  5.73889377  6.42945364  6.48209729  6.32404918 
    beta2_t     beta2_t     beta2_t    logetaE2    logetaO2   logkappa2   logSigmaM 
 6.96771809  7.24707648  7.43131131 -1.66731782 -1.57678272 -3.47969557  0.41060844 

$objective
[1] 26748.51

$convergence
[1] 0

$iterations
[1] 10

$evaluations
function gradient 
      19       11 

$message
[1] "relative convergence (4)"

$run_time
Time difference of 2.131105 mins

$diagnostics
        Param starting_value      Lower         MLE     Upper final_gradient
1  ln_H_input       0.000000 -50.000000  0.04421602 50.000000   4.313681e-04
2  ln_H_input       0.000000 -50.000000  0.33622525 50.000000  -7.937023e-04
3     beta1_t      -4.947457 -50.000000  0.44040861 50.000000   3.279268e-04
4     beta1_t      -4.947457 -50.000000  0.72412499 50.000000   5.981857e-04
5     beta1_t      -4.947457 -50.000000  1.31206931 50.000000  -8.822757e-06
6     beta1_t      -4.947457 -50.000000  1.69861760 50.000000   3.576587e-04
7     beta1_t      -4.947457 -50.000000  1.75413503 50.000000  -8.011523e-05
8     beta1_t      -4.947457 -50.000000  1.20017876 50.000000  -3.079808e-05
9     beta1_t      -4.947457 -50.000000  0.68586223 50.000000   3.762291e-05
10    beta1_t      -4.947457 -50.000000  0.66608432 50.000000  -2.612659e-04
11    beta1_t      -4.947457 -50.000000  0.62764917 50.000000  -9.299869e-05
12    beta1_t      -4.947457 -50.000000  0.93569911 50.000000   2.841123e-04
13    beta1_t      -4.947457 -50.000000  0.94793812 50.000000  -5.194403e-04
14    beta1_t      -4.947457 -50.000000  1.16874020 50.000000   7.195166e-05
15    beta1_t      -4.947457 -50.000000  1.54143327 50.000000  -1.506597e-04
16   logetaE1       0.000000 -50.000000 -1.04536877  3.339658   1.294602e-03
17   logetaO1       0.000000 -50.000000 -1.86453749  3.339658  -7.261051e-05
18  logkappa1       0.000000  -6.757433 -4.07199137 -1.738790   2.294817e-04
19    beta2_t       8.052875 -50.000000  6.48442626 50.000000  -7.744744e-04
20    beta2_t       8.052875 -50.000000  6.70802329 50.000000  -8.690714e-05
21    beta2_t       8.052875 -50.000000  6.87007386 50.000000   2.662607e-04
22    beta2_t       8.052875 -50.000000  6.68080878 50.000000  -7.744332e-05
23    beta2_t       8.052875 -50.000000  6.85490822 50.000000  -1.567008e-04
24    beta2_t       8.052875 -50.000000  6.12407040 50.000000  -1.541659e-04
25    beta2_t       8.052875 -50.000000  5.73889377 50.000000   3.474816e-04
26    beta2_t       8.052875 -50.000000  6.42945364 50.000000   3.356812e-04
27    beta2_t       8.052875 -50.000000  6.48209729 50.000000  -1.202075e-04
28    beta2_t       8.052875 -50.000000  6.32404918 50.000000  -8.335950e-05
29    beta2_t       8.052875 -50.000000  6.96771809 50.000000   5.310936e-04
30    beta2_t       8.052875 -50.000000  7.24707648 50.000000  -3.080409e-04
31    beta2_t       8.052875 -50.000000  7.43131131 50.000000  -1.130994e-04
32   logetaE2       0.000000 -50.000000 -1.66731782  3.339658  -9.174583e-04
33   logetaO2       0.000000 -50.000000 -1.57678272  3.339658  -2.471535e-04
34  logkappa2       0.000000  -6.757433 -3.47969557 -1.738790   3.692307e-04
35  logSigmaM       1.609438 -50.000000  0.41060844 10.000000   4.601897e-03

$SD
sdreport(.) result
              Estimate  Std. Error
ln_H_input  0.04421602 0.081328420
ln_H_input  0.33622525 0.087945510
beta1_t     0.44040861 0.339408332
beta1_t     0.72412499 0.342455016
beta1_t     1.31206931 0.346798221
beta1_t     1.69861760 0.349881890
beta1_t     1.75413503 0.347437595
beta1_t     1.20017876 0.343134396
beta1_t     0.68586223 0.367666788
beta1_t     0.66608432 0.341182058
beta1_t     0.62764917 0.339513770
beta1_t     0.93569911 0.341222936
beta1_t     0.94793812 0.341296521
beta1_t     1.16874020 0.347463437
beta1_t     1.54143327 0.355121413
logetaE1   -1.04536877 0.076732812
logetaO1   -1.86453749 0.097084056
logkappa1  -4.07199137 0.106474988
beta2_t     6.48442626 0.234183037
beta2_t     6.70802329 0.240322014
beta2_t     6.87007386 0.234093180
beta2_t     6.68080878 0.222666058
beta2_t     6.85490822 0.218509288
beta2_t     6.12407040 0.228325788
beta2_t     5.73889377 0.278946004
beta2_t     6.42945364 0.230828277
beta2_t     6.48209729 0.228666863
beta2_t     6.32404918 0.223181985
beta2_t     6.96771809 0.230530635
beta2_t     7.24707648 0.231164396
beta2_t     7.43131131 0.236726686
logetaE2   -1.66731782 0.035624326
logetaO2   -1.57678272 0.071129533
logkappa2  -3.47969557 0.073990395
logSigmaM   0.41060844 0.008189477
Maximum gradient component: 0.004601897 

