$par
 ln_H_input  ln_H_input     beta1_t     beta1_t     beta1_t     beta1_t     beta1_t     beta1_t     beta1_t     beta1_t     beta1_t     beta1_t     beta1_t     beta1_t 
 0.04421097  0.33623061  0.44012310  0.72394873  1.31185089  1.69837579  1.75388947  1.19999722  0.68564680  0.66591978  0.62742068  0.93547336  0.94771634  1.16856454 
    beta1_t    logetaE1    logetaO1   logkappa1     beta2_t     beta2_t     beta2_t     beta2_t     beta2_t     beta2_t     beta2_t     beta2_t     beta2_t     beta2_t 
 1.54116524 -1.04537908 -1.86455638 -4.07200616  6.48443448  6.70793934  6.87006361  6.68078482  6.85485111  6.12403592  5.73888542  6.42944681  6.48214892  6.32402535 
    beta2_t     beta2_t     beta2_t    logetaE2    logetaO2   logkappa2   logSigmaM 
 6.96771720  7.24709058  7.43125147 -1.66731575 -1.57678815 -3.47970169  0.41060408 

$objective
[1] 26717.26

$convergence
[1] 0

$iterations
[1] 65

$evaluations
function gradient 
      95       65 

$message
[1] "relative convergence (4)"

$final_diagnostics
         Name        Lwr         Est       Upr      Gradient
1  ln_H_input -50.000000  0.04421097 50.000000 -7.647576e-04
2  ln_H_input -50.000000  0.33623061 50.000000  7.658969e-04
3     beta1_t -50.000000  0.44012310 50.000000 -2.199898e-03
4     beta1_t -50.000000  0.72394873 50.000000  1.824867e-03
5     beta1_t -50.000000  1.31185089 50.000000 -1.855112e-04
6     beta1_t -50.000000  1.69837579 50.000000 -5.370881e-04
7     beta1_t -50.000000  1.75388947 50.000000 -1.059372e-03
8     beta1_t -50.000000  1.19999722 50.000000  9.130061e-04
9     beta1_t -50.000000  0.68564680 50.000000  8.085032e-06
10    beta1_t -50.000000  0.66591978 50.000000  1.338026e-03
11    beta1_t -50.000000  0.62742068 50.000000 -6.923595e-04
12    beta1_t -50.000000  0.93547336 50.000000 -1.844907e-04
13    beta1_t -50.000000  0.94771634 50.000000 -8.421833e-04
14    beta1_t -50.000000  1.16856454 50.000000  1.205015e-03
15    beta1_t -50.000000  1.54116524 50.000000 -1.525736e-03
16   logetaE1 -50.000000 -1.04537908  3.339658 -6.312766e-04
17   logetaO1 -50.000000 -1.86455638  3.339658 -1.825641e-03
18  logkappa1  -6.757433 -4.07200616 -1.738790 -2.632933e-04
19    beta2_t -50.000000  6.48443448 50.000000 -7.560929e-05
20    beta2_t -50.000000  6.70793934 50.000000 -1.749505e-03
21    beta2_t -50.000000  6.87006361 50.000000  4.917241e-04
22    beta2_t -50.000000  6.68078482 50.000000 -3.196342e-04
23    beta2_t -50.000000  6.85485111 50.000000 -1.522277e-03
24    beta2_t -50.000000  6.12403592 50.000000 -6.590568e-04
25    beta2_t -50.000000  5.73888542 50.000000  5.074533e-04
26    beta2_t -50.000000  6.42944681 50.000000  5.945616e-04
27    beta2_t -50.000000  6.48214892 50.000000  1.777120e-03
28    beta2_t -50.000000  6.32402535 50.000000 -3.462465e-04
29    beta2_t -50.000000  6.96771720 50.000000  9.502014e-04
30    beta2_t -50.000000  7.24709058 50.000000  5.040426e-04
31    beta2_t -50.000000  7.43125147 50.000000 -1.301246e-03
32   logetaE2 -50.000000 -1.66731575  3.339658  7.317636e-03
33   logetaO2 -50.000000 -1.57678815  3.339658 -3.995187e-04
34  logkappa2  -6.757433 -3.47970169 -1.738790 -2.997391e-03
35  logSigmaM -50.000000  0.41060408 10.000000 -7.400472e-02

$total_time_to_run
Time difference of 7.333817 mins

$number_of_coefficients
 Total  Fixed Random 
  7483     35   7448 

