$par
 ln_H_input  ln_H_input     beta1_t     beta1_t     beta1_t     beta1_t     beta1_t     beta1_t     beta1_t     beta1_t     beta1_t     beta1_t     beta1_t     beta1_t 
-0.66596385  0.04700487 -3.69937147 -3.73433395 -3.71654441 -4.26987325 -3.88995653 -4.21920472 -4.25245019 -3.87039195 -3.99525229 -3.73585326 -3.74354028 -3.29878758 
   logetaE1    logetaO1   logkappa1 logsigmaVT1     beta2_t     beta2_t     beta2_t     beta2_t     beta2_t     beta2_t     beta2_t     beta2_t     beta2_t     beta2_t 
 3.33965806 -2.30630319 -4.00060419 -3.59235179  5.60597870  6.16257493  6.07727044  6.87116935  6.13878736  6.45697907  5.77500938  6.05362715  6.11319849  6.22901941 
    beta2_t     beta2_t    logetaE2    logetaO2   logkappa2 logsigmaVT2   logSigmaM 
 5.76672428  6.51512954 -1.39946798 -1.59366086 -2.58758301 -1.00239023  0.15835195 

$objective
[1] 3627.17

$convergence
[1] 0

$iterations
[1] 4

$evaluations
function gradient 
       8        5 

$message
[1] "relative convergence (4)"

$final_diagnostics
          Name        Lwr         Est       Upr      Gradient
1   ln_H_input -50.000000 -0.66596385 50.000000  1.093195e-05
2   ln_H_input -50.000000  0.04700487 50.000000  8.603267e-05
3      beta1_t -50.000000 -3.69937147 50.000000  2.374321e-05
4      beta1_t -50.000000 -3.73433395 50.000000 -3.213195e-05
5      beta1_t -50.000000 -3.71654441 50.000000 -5.274727e-05
6      beta1_t -50.000000 -4.26987325 50.000000  2.918802e-05
7      beta1_t -50.000000 -3.88995653 50.000000 -1.530970e-05
8      beta1_t -50.000000 -4.21920472 50.000000 -1.558129e-05
9      beta1_t -50.000000 -4.25245019 50.000000  7.008893e-05
10     beta1_t -50.000000 -3.87039195 50.000000 -2.827250e-05
11     beta1_t -50.000000 -3.99525229 50.000000  1.771913e-05
12     beta1_t -50.000000 -3.73585326 50.000000  3.038148e-05
13     beta1_t -50.000000 -3.74354028 50.000000 -3.914873e-05
14     beta1_t -50.000000 -3.29878758 50.000000 -3.248536e-06
15    logetaE1 -50.000000  3.33965806  3.339658 -6.374495e-04
16    logetaO1 -50.000000 -2.30630319  3.339658 -1.603111e-04
17   logkappa1  -6.505377 -4.00060419 -1.453910 -6.993366e-05
18 logsigmaVT1  -4.605170 -3.59235179 50.000000 -5.087982e-06
19     beta2_t -50.000000  5.60597870 50.000000  8.717916e-05
20     beta2_t -50.000000  6.16257493 50.000000 -5.624432e-05
21     beta2_t -50.000000  6.07727044 50.000000  1.221644e-04
22     beta2_t -50.000000  6.87116935 50.000000  5.686543e-05
23     beta2_t -50.000000  6.13878736 50.000000 -9.266979e-05
24     beta2_t -50.000000  6.45697907 50.000000 -4.889772e-05
25     beta2_t -50.000000  5.77500938 50.000000 -2.252797e-05
26     beta2_t -50.000000  6.05362715 50.000000  2.716784e-05
27     beta2_t -50.000000  6.11319849 50.000000  1.552080e-05
28     beta2_t -50.000000  6.22901941 50.000000  6.912443e-05
29     beta2_t -50.000000  5.76672428 50.000000 -4.322624e-05
30     beta2_t -50.000000  6.51512954 50.000000 -2.074528e-04
31    logetaE2 -50.000000 -1.39946798  3.339658 -1.978450e-04
32    logetaO2 -50.000000 -1.59366086  3.339658  1.613078e-04
33   logkappa2  -6.505377 -2.58758301 -1.453910  1.237871e-04
34 logsigmaVT2  -4.605170 -1.00239023 50.000000  2.590241e-04
35   logSigmaM -50.000000  0.15835195 10.000000  8.821874e-04

$total_time_to_run
Time difference of 1.119664 mins

$number_of_coefficients
 Total  Fixed Random 
  7143     35   7108 

