$par
 ln_H_input  ln_H_input     beta1_t     beta1_t     beta1_t     beta1_t     beta1_t 
-1.02315549 -0.07228639 -4.02589459 -4.15037225 -4.05741031 -4.61211829 -4.25444445 
    beta1_t     beta1_t     beta1_t     beta1_t     beta1_t     beta1_t     beta1_t 
-4.54750350 -4.61794367 -4.17228301 -4.33688698 -4.01601340 -4.07251320 -3.60879875 
   logetaE1    logetaO1   logkappa1 logsigmaVT1     beta2_t     beta2_t     beta2_t 
 0.29923218 -2.45216294 -3.80491305 -3.12308572  5.41529306  6.16149631  5.81991610 
    beta2_t     beta2_t     beta2_t     beta2_t     beta2_t     beta2_t     beta2_t 
 6.66516491  5.72005360  6.42186549  5.72659253  5.98511619  6.02398894  5.79820486 
    beta2_t     beta2_t    logetaE2    logetaO2   logkappa2 logsigmaVT2   logSigmaM 
 5.67342297  6.30974301 -1.34114827 -1.58692585 -2.45762910 -1.56187406  0.08882367 

$objective
[1] 3553.911

$convergence
[1] 0

$iterations
[1] 60

$evaluations
function gradient 
      87       61 

$message
[1] "relative convergence (4)"

$final_diagnostics
          Name       Lwr         Est       Upr      Gradient
1   ln_H_input -50.00000 -1.02315549 50.000000 -4.367466e-03
2   ln_H_input -50.00000 -0.07228639 50.000000 -7.235545e-05
3      beta1_t -50.00000 -4.02589459 50.000000 -1.698139e-04
4      beta1_t -50.00000 -4.15037225 50.000000 -2.712554e-04
5      beta1_t -50.00000 -4.05741031 50.000000  2.116058e-04
6      beta1_t -50.00000 -4.61211829 50.000000  1.445049e-04
7      beta1_t -50.00000 -4.25444445 50.000000 -8.152121e-04
8      beta1_t -50.00000 -4.54750350 50.000000 -2.113160e-03
9      beta1_t -50.00000 -4.61794367 50.000000  1.192648e-03
10     beta1_t -50.00000 -4.17228301 50.000000  1.381370e-03
11     beta1_t -50.00000 -4.33688698 50.000000 -1.615507e-04
12     beta1_t -50.00000 -4.01601340 50.000000  5.917422e-04
13     beta1_t -50.00000 -4.07251320 50.000000 -9.272277e-04
14     beta1_t -50.00000 -3.60879875 50.000000  3.081664e-04
15    logetaE1 -50.00000  0.29923218  3.339658  1.122802e-04
16    logetaO1 -50.00000 -2.45216294  3.339658  2.504815e-03
17   logkappa1 -50.00000 -3.80491305 50.000000  1.807106e-05
18 logsigmaVT1  -4.60517 -3.12308572 50.000000 -1.943252e-03
19     beta2_t -50.00000  5.41529306 50.000000 -3.338450e-04
20     beta2_t -50.00000  6.16149631 50.000000 -2.869148e-03
21     beta2_t -50.00000  5.81991610 50.000000  4.800887e-03
22     beta2_t -50.00000  6.66516491 50.000000  1.094211e-03
23     beta2_t -50.00000  5.72005360 50.000000 -2.534790e-04
24     beta2_t -50.00000  6.42186549 50.000000 -4.523696e-04
25     beta2_t -50.00000  5.72659253 50.000000 -1.503926e-03
26     beta2_t -50.00000  5.98511619 50.000000  2.042228e-03
27     beta2_t -50.00000  6.02398894 50.000000 -1.941372e-03
28     beta2_t -50.00000  5.79820486 50.000000  9.418379e-04
29     beta2_t -50.00000  5.67342297 50.000000 -2.870675e-04
30     beta2_t -50.00000  6.30974301 50.000000  3.618418e-04
31    logetaE2 -50.00000 -1.34114827  3.339658  7.886735e-03
32    logetaO2 -50.00000 -1.58692585  3.339658  4.178545e-03
33   logkappa2 -50.00000 -2.45762910 50.000000 -4.691278e-04
34 logsigmaVT2  -4.60517 -1.56187406 50.000000 -7.794337e-05
35   logSigmaM -50.00000  0.08882367 10.000000 -2.039859e-02

$total_time_to_run
Time difference of 10.40211 mins

