$par
ln_H_input ln_H_input    beta2_t    beta2_t    beta2_t    beta2_t    beta2_t    beta2_t    beta2_t    beta2_t    beta2_t    beta2_t    beta2_t 
 0.3093796  0.2483850  1.3071937  1.0385521  0.9867108  1.1823444  0.9530223  0.8802429  0.8837785  0.7693223  0.5964607  0.5758322  0.6342741 
   beta2_t    beta2_t    beta2_t    beta2_t    beta2_t    beta2_t    beta2_t    beta2_t    beta2_t    beta2_t    beta2_t    beta2_t    beta2_t 
 0.9075492  0.9777612  1.0815064  1.0175765  0.9393135  0.5844242  0.9395765  0.8938906  1.0883119  0.9167054  0.9651090  0.8908062  0.8622662 
   beta2_t    beta2_t    beta2_t    beta2_t    beta2_t    beta2_t    beta2_t   logetaE2   logetaO2  logkappa2  logSigmaM 
 0.9596026  1.1359031  1.1354067  1.4912775  1.3508819  1.2383508  1.6606675 -1.0811855 -1.5969120 -3.5786924 -0.1696159 

$objective
[1] 99419.39

$convergence
[1] 1

$iterations
[1] 17

$evaluations
function gradient 
      36       17 

$message
[1] "false convergence (8)"

$final_diagnostics
         Name        Lwr        Est       Upr      Gradient
1  ln_H_input -50.000000  0.3093796 50.000000 -2.530858e-03
2  ln_H_input -50.000000  0.2483850 50.000000  8.374685e-04
3     beta2_t -50.000000  1.3071937 50.000000 -2.062936e-04
4     beta2_t -50.000000  1.0385521 50.000000 -2.675088e-04
5     beta2_t -50.000000  0.9867108 50.000000 -1.539258e-05
6     beta2_t -50.000000  1.1823444 50.000000  1.872510e-03
7     beta2_t -50.000000  0.9530223 50.000000 -7.261113e-05
8     beta2_t -50.000000  0.8802429 50.000000 -7.208067e-04
9     beta2_t -50.000000  0.8837785 50.000000 -9.945281e-04
10    beta2_t -50.000000  0.7693223 50.000000 -4.856191e-04
11    beta2_t -50.000000  0.5964607 50.000000 -7.471790e-04
12    beta2_t -50.000000  0.5758322 50.000000 -7.741874e-04
13    beta2_t -50.000000  0.6342741 50.000000 -6.490299e-04
14    beta2_t -50.000000  0.9075492 50.000000  4.448219e-04
15    beta2_t -50.000000  0.9777612 50.000000 -3.423443e-04
16    beta2_t -50.000000  1.0815064 50.000000 -5.004229e-04
17    beta2_t -50.000000  1.0175765 50.000000  7.459305e-04
18    beta2_t -50.000000  0.9393135 50.000000 -1.977496e-04
19    beta2_t -50.000000  0.5844242 50.000000 -1.574494e-03
20    beta2_t -50.000000  0.9395765 50.000000  1.576368e-03
21    beta2_t -50.000000  0.8938906 50.000000  4.147009e-04
22    beta2_t -50.000000  1.0883119 50.000000 -1.360032e-03
23    beta2_t -50.000000  0.9167054 50.000000  1.247100e-04
24    beta2_t -50.000000  0.9651090 50.000000  4.114331e-04
25    beta2_t -50.000000  0.8908062 50.000000  2.603891e-04
26    beta2_t -50.000000  0.8622662 50.000000  3.930495e-04
27    beta2_t -50.000000  0.9596026 50.000000  1.524510e-04
28    beta2_t -50.000000  1.1359031 50.000000 -9.447779e-05
29    beta2_t -50.000000  1.1354067 50.000000  9.806813e-04
30    beta2_t -50.000000  1.4912775 50.000000  8.217375e-04
31    beta2_t -50.000000  1.3508819 50.000000 -1.436423e-04
32    beta2_t -50.000000  1.2383508 50.000000  1.795643e-04
33    beta2_t -50.000000  1.6606675 50.000000  9.291467e-04
34   logetaE2 -50.000000 -1.0811855  3.339658 -2.038635e-03
35   logetaO2 -50.000000 -1.5969120  3.339658  1.736546e-03
36  logkappa2  -5.671432 -3.5786924  1.427047 -1.098398e-03
37  logSigmaM -50.000000 -0.1696159 10.000000  2.379978e-03

$total_time_to_run
Time difference of 26.62142 mins

$number_of_coefficients
 Total  Fixed Random 
 16550     37  16513 

